0: (24, 208, 152)
1: (96, 16, 0)
2: (32, 0, 0)
3: (0, 0, 0)
4: (0, 120, 0)
5: (0, 0, 0)
6: (0, 0, 0)
7: (72, 80, 88)
8: (96, 104, 112)
9: (120, 128, 128)
10: (136, 144, 144)
11: (168, 168, 168)
12: (56, 48, 32)
13: (112, 88, 64)
14: (96, 80, 64)
15: (80, 64, 56)
16: (56, 72, 72)
17: (40, 56, 56)
18: (40, 40, 48)
19: (32, 32, 32)
20: (168, 200, 248)
21: (168, 200, 248)
22: (0, 0, 0)
23: (72, 80, 88)
24: (96, 104, 112)
25: (120, 128, 128)
26: (136, 144, 144)
27: (168, 168, 168)
28: (56, 48, 32)
29: (112, 88, 64)
30: (96, 80, 64)
31: (80, 64, 56)
32: (56, 72, 72)
33: (40, 56, 56)
34: (40, 40, 48)
35: (32, 32, 32)
36: (128, 160, 232)
37: (128, 168, 240)
38: (0, 0, 0)
39: (72, 80, 88)
40: (96, 104, 112)
41: (120, 128, 128)
42: (136, 144, 144)
43: (168, 168, 168)
44: (56, 48, 32)
45: (112, 88, 64)
46: (96, 80, 64)
47: (80, 64, 56)
48: (56, 72, 72)
49: (40, 56, 56)
50: (40, 40, 48)
51: (32, 32, 32)
52: (96, 120, 216)
53: (96, 136, 232)
54: (0, 0, 0)
55: (72, 80, 88)
56: (96, 104, 112)
57: (120, 128, 128)
58: (136, 144, 144)
59: (168, 168, 168)
60: (56, 48, 32)
61: (112, 88, 64)
62: (96, 80, 64)
63: (80, 64, 56)
64: (56, 72, 72)
65: (40, 56, 56)
66: (40, 40, 48)
67: (32, 32, 32)
68: (64, 80, 200)
69: (64, 112, 224)
70: (0, 0, 0)
71: (72, 80, 88)
72: (96, 104, 112)
73: (120, 128, 128)
74: (136, 144, 144)
75: (168, 168, 168)
76: (56, 48, 32)
77: (112, 88, 64)
78: (96, 80, 64)
79: (80, 64, 56)
80: (56, 72, 72)
81: (40, 56, 56)
82: (40, 40, 48)
83: (32, 32, 32)
84: (32, 40, 184)
85: (32, 80, 216)
86: (0, 0, 0)
87: (72, 80, 88)
88: (96, 104, 112)
89: (120, 128, 128)
90: (136, 144, 144)
91: (168, 168, 168)
92: (56, 48, 32)
93: (112, 88, 64)
94: (96, 80, 64)
95: (80, 64, 56)
96: (56, 72, 72)
97: (40, 56, 56)
98: (40, 40, 48)
99: (32, 32, 32)
100: (0, 0, 176)
101: (0, 56, 216)
102: (0, 0, 0)
103: (128, 136, 144)
104: (112, 120, 128)
105: (104, 112, 120)
106: (88, 96, 104)
107: (80, 88, 96)
108: (72, 80, 88)
109: (56, 72, 80)
110: (40, 64, 72)
111: (24, 56, 64)
112: (8, 48, 64)
113: (112, 104, 80)
114: (88, 80, 64)
115: (64, 64, 48)
116: (48, 48, 32)
117: (0, 184, 32)
118: (0, 0, 0)
119: (128, 136, 144)
120: (112, 120, 128)
121: (104, 112, 120)
122: (88, 96, 104)
123: (80, 88, 96)
124: (72, 80, 88)
125: (56, 72, 80)
126: (40, 64, 72)
127: (24, 56, 64)
128: (8, 48, 64)
129: (112, 104, 80)
130: (88, 80, 64)
131: (64, 64, 48)
132: (48, 48, 32)
133: (0, 160, 32)
134: (0, 0, 0)
135: (128, 136, 144)
136: (112, 120, 128)
137: (104, 112, 120)
138: (88, 96, 104)
139: (80, 88, 96)
140: (72, 80, 88)
141: (56, 72, 80)
142: (40, 64, 72)
143: (24, 56, 64)
144: (8, 48, 64)
145: (112, 104, 80)
146: (88, 80, 64)
147: (64, 64, 48)
148: (48, 48, 32)
149: (0, 136, 32)
150: (0, 0, 0)
151: (128, 136, 144)
152: (112, 120, 128)
153: (104, 112, 120)
154: (88, 96, 104)
155: (80, 88, 96)
156: (72, 80, 88)
157: (56, 72, 80)
158: (40, 64, 72)
159: (24, 56, 64)
160: (8, 48, 64)
161: (112, 104, 80)
162: (88, 80, 64)
163: (64, 64, 48)
164: (48, 48, 32)
165: (0, 112, 32)
166: (0, 0, 0)
167: (128, 136, 144)
168: (112, 120, 128)
169: (104, 112, 120)
170: (88, 96, 104)
171: (80, 88, 96)
172: (72, 80, 88)
173: (56, 72, 80)
174: (40, 64, 72)
175: (24, 56, 64)
176: (8, 48, 64)
177: (112, 104, 80)
178: (88, 80, 64)
179: (64, 64, 48)
180: (48, 48, 32)
181: (0, 88, 32)
182: (0, 0, 0)
183: (128, 136, 144)
184: (112, 120, 128)
185: (104, 112, 120)
186: (88, 96, 104)
187: (80, 88, 96)
188: (72, 80, 88)
189: (56, 72, 80)
190: (40, 64, 72)
191: (24, 56, 64)
192: (8, 48, 64)
193: (112, 104, 80)
194: (88, 80, 64)
195: (64, 64, 48)
196: (48, 48, 32)
197: (0, 72, 32)
198: (0, 0, 0)
199: (192, 192, 232)
200: (168, 176, 208)
201: (144, 160, 184)
202: (128, 144, 168)
203: (104, 128, 144)
204: (88, 112, 128)
205: (64, 96, 112)
206: (48, 80, 96)
207: (24, 64, 80)
208: (8, 48, 64)
209: (160, 152, 128)
210: (136, 128, 112)
211: (112, 104, 96)
212: (96, 88, 80)
213: (0, 248, 56)
214: (0, 0, 0)
215: (192, 192, 232)
216: (168, 176, 208)
217: (144, 160, 184)
218: (128, 144, 168)
219: (104, 128, 144)
220: (88, 112, 128)
221: (64, 96, 112)
222: (48, 80, 96)
223: (24, 64, 80)
224: (8, 48, 64)
225: (160, 152, 128)
226: (136, 128, 112)
227: (112, 104, 96)
228: (96, 88, 80)
229: (0, 224, 56)
230: (0, 0, 0)
231: (192, 192, 232)
232: (168, 176, 208)
233: (144, 160, 184)
234: (128, 144, 168)
235: (104, 128, 144)
236: (88, 112, 128)
237: (64, 96, 112)
238: (48, 80, 96)
239: (24, 64, 80)
240: (8, 48, 64)
241: (160, 152, 128)
242: (136, 128, 112)
243: (112, 104, 96)
244: (96, 88, 80)
245: (0, 200, 56)
246: (0, 0, 0)
247: (192, 192, 232)
248: (168, 176, 208)
249: (144, 160, 184)
250: (128, 144, 168)
251: (104, 128, 144)
252: (88, 112, 128)
253: (64, 96, 112)
254: (48, 80, 96)
255: (24, 64, 80)
256: (8, 48, 64)
257: (160, 152, 128)
258: (136, 128, 112)
259: (112, 104, 96)
260: (96, 88, 80)
261: (0, 176, 56)
262: (0, 0, 0)
263: (192, 192, 232)
264: (168, 176, 208)
265: (144, 160, 184)
266: (128, 144, 168)
267: (104, 128, 144)
268: (88, 112, 128)
269: (64, 96, 112)
270: (48, 80, 96)
271: (24, 64, 80)
272: (8, 48, 64)
273: (160, 152, 128)
274: (136, 128, 112)
275: (112, 104, 96)
276: (96, 88, 80)
277: (0, 152, 56)
278: (0, 0, 0)
279: (192, 192, 232)
280: (168, 176, 208)
281: (144, 160, 184)
282: (128, 144, 168)
283: (104, 128, 144)
284: (88, 112, 128)
285: (64, 96, 112)
286: (48, 80, 96)
287: (24, 64, 80)
288: (8, 48, 64)
289: (160, 152, 128)
290: (136, 128, 112)
291: (112, 104, 96)
292: (96, 88, 80)
293: (0, 128, 56)
294: (0, 0, 0)
295: (248, 0, 0)
296: (248, 0, 0)
297: (56, 88, 176)
298: (72, 96, 176)
299: (88, 112, 184)
300: (104, 128, 192)
301: (120, 136, 200)
302: (136, 152, 200)
303: (152, 168, 208)
304: (168, 176, 216)
305: (184, 192, 224)
306: (200, 208, 224)
307: (216, 216, 232)
308: (232, 232, 240)
309: (248, 248, 248)
310: (0, 0, 0)
311: (0, 0, 0)
312: (0, 0, 0)
313: (48, 72, 152)
314: (64, 80, 160)
315: (80, 104, 168)
316: (96, 112, 176)
317: (112, 128, 184)
318: (128, 144, 192)
319: (144, 152, 192)
320: (160, 168, 200)
321: (168, 176, 208)
322: (184, 192, 216)
323: (200, 208, 216)
324: (216, 216, 224)
325: (232, 232, 232)
326: (0, 0, 0)
327: (0, 0, 0)
328: (0, 0, 0)
329: (48, 64, 136)
330: (64, 72, 144)
331: (80, 96, 152)
332: (96, 104, 168)
333: (104, 120, 168)
334: (120, 128, 176)
335: (136, 144, 184)
336: (152, 152, 192)
337: (160, 168, 192)
338: (176, 176, 200)
339: (192, 192, 208)
340: (208, 200, 216)
341: (216, 216, 216)
342: (0, 0, 0)
343: (0, 0, 0)
344: (0, 0, 0)
345: (40, 56, 112)
346: (56, 64, 128)
347: (72, 80, 144)
348: (88, 96, 152)
349: (104, 112, 160)
350: (112, 120, 168)
351: (128, 128, 168)
352: (144, 144, 176)
353: (152, 152, 184)
354: (168, 168, 192)
355: (176, 176, 192)
356: (192, 192, 200)
357: (208, 200, 208)
358: (0, 0, 0)
359: (0, 0, 0)
360: (0, 0, 0)
361: (40, 48, 96)
362: (56, 56, 112)
363: (72, 72, 128)
364: (88, 88, 144)
365: (96, 96, 144)
366: (112, 112, 152)
367: (120, 120, 160)
368: (136, 128, 160)
369: (144, 144, 168)
370: (160, 152, 176)
371: (168, 160, 176)
372: (184, 176, 184)
373: (192, 184, 192)
374: (0, 0, 0)
375: (0, 0, 0)
376: (0, 0, 0)
377: (32, 32, 80)
378: (48, 48, 96)
379: (64, 64, 112)
380: (80, 80, 128)
381: (88, 88, 128)
382: (104, 96, 136)
383: (112, 112, 144)
384: (128, 120, 152)
385: (136, 128, 152)
386: (144, 136, 160)
387: (160, 152, 168)
388: (168, 160, 176)
389: (176, 168, 176)
390: (0, 0, 0)
391: (0, 0, 0)
392: (0, 0, 0)
393: (32, 24, 56)
394: (48, 40, 80)
395: (64, 56, 96)
396: (80, 72, 120)
397: (88, 80, 120)
398: (96, 88, 128)
399: (104, 96, 136)
400: (120, 112, 136)
401: (128, 120, 144)
402: (136, 128, 152)
403: (144, 136, 152)
404: (160, 144, 160)
405: (168, 152, 168)
406: (0, 0, 0)
407: (0, 0, 0)
408: (0, 0, 0)
409: (24, 16, 40)
410: (40, 32, 64)
411: (56, 48, 80)
412: (72, 64, 104)
413: (80, 72, 104)
414: (88, 80, 112)
415: (96, 88, 120)
416: (112, 96, 120)
417: (120, 104, 128)
418: (128, 112, 136)
419: (136, 120, 136)
420: (144, 128, 144)
421: (152, 136, 152)
422: (0, 0, 0)
423: (248, 0, 0)
424: (248, 0, 0)
425: (24, 8, 32)
426: (32, 24, 40)
427: (48, 40, 56)
428: (72, 56, 96)
429: (80, 64, 96)
430: (88, 72, 104)
431: (96, 80, 112)
432: (104, 88, 112)
433: (112, 96, 120)
434: (120, 104, 128)
435: (128, 112, 128)
436: (136, 120, 136)
437: (144, 128, 144)
438: (0, 0, 0)
439: (0, 0, 0)
440: (0, 0, 0)
441: (24, 8, 32)
442: (40, 32, 48)
443: (64, 56, 72)
444: (88, 80, 104)
445: (104, 96, 120)
446: (128, 112, 136)
447: (144, 136, 152)
448: (152, 136, 152)
449: (152, 144, 160)
450: (160, 152, 168)
451: (168, 152, 168)
452: (168, 160, 168)
453: (176, 168, 176)
454: (0, 0, 0)
455: (0, 0, 0)
456: (0, 0, 0)
457: (24, 16, 40)
458: (40, 40, 48)
459: (72, 72, 80)
460: (104, 104, 112)
461: (136, 128, 144)
462: (168, 160, 168)
463: (192, 192, 200)
464: (200, 192, 200)
465: (200, 192, 200)
466: (200, 200, 208)
467: (208, 200, 208)
468: (208, 200, 208)
469: (208, 208, 208)
470: (0, 0, 0)
471: (0, 0, 0)
472: (0, 0, 0)
473: (24, 16, 40)
474: (48, 48, 48)
475: (88, 88, 88)
476: (128, 128, 128)
477: (168, 168, 168)
478: (208, 208, 208)
479: (248, 248, 248)
480: (248, 248, 248)
481: (248, 248, 248)
482: (248, 248, 248)
483: (248, 248, 248)
484: (248, 248, 248)
485: (248, 248, 248)
