0: (0, 0, 0)
1: (74, 82, 90)
2: (99, 107, 115)
3: (123, 132, 132)
4: (140, 148, 148)
5: (173, 173, 173)
6: (57, 49, 33)
7: (115, 90, 66)
8: (99, 82, 66)
9: (82, 66, 57)
10: (57, 74, 74)
11: (41, 57, 57)
12: (41, 41, 49)
13: (33, 33, 33)
14: (173, 206, 255)
15: (173, 206, 255)
16: (0, 0, 0)
17: (74, 82, 90)
18: (99, 107, 115)
19: (123, 132, 132)
20: (140, 148, 148)
21: (173, 173, 173)
22: (57, 49, 33)
23: (115, 90, 66)
24: (99, 82, 66)
25: (82, 66, 57)
26: (57, 74, 74)
27: (41, 57, 57)
28: (41, 41, 49)
29: (33, 33, 33)
30: (132, 165, 239)
31: (132, 173, 247)
32: (0, 0, 0)
33: (74, 82, 90)
34: (99, 107, 115)
35: (123, 132, 132)
36: (140, 148, 148)
37: (173, 173, 173)
38: (57, 49, 33)
39: (115, 90, 66)
40: (99, 82, 66)
41: (82, 66, 57)
42: (57, 74, 74)
43: (41, 57, 57)
44: (41, 41, 49)
45: (33, 33, 33)
46: (99, 123, 222)
47: (99, 140, 239)
48: (0, 0, 0)
49: (74, 82, 90)
50: (99, 107, 115)
51: (123, 132, 132)
52: (140, 148, 148)
53: (173, 173, 173)
54: (57, 49, 33)
55: (115, 90, 66)
56: (99, 82, 66)
57: (82, 66, 57)
58: (57, 74, 74)
59: (41, 57, 57)
60: (41, 41, 49)
61: (33, 33, 33)
62: (66, 82, 206)
63: (66, 115, 231)
64: (0, 0, 0)
65: (74, 82, 90)
66: (99, 107, 115)
67: (123, 132, 132)
68: (140, 148, 148)
69: (173, 173, 173)
70: (57, 49, 33)
71: (115, 90, 66)
72: (99, 82, 66)
73: (82, 66, 57)
74: (57, 74, 74)
75: (41, 57, 57)
76: (41, 41, 49)
77: (33, 33, 33)
78: (33, 41, 189)
79: (33, 82, 222)
80: (0, 0, 0)
81: (74, 82, 90)
82: (99, 107, 115)
83: (123, 132, 132)
84: (140, 148, 148)
85: (173, 173, 173)
86: (57, 49, 33)
87: (115, 90, 66)
88: (99, 82, 66)
89: (82, 66, 57)
90: (57, 74, 74)
91: (41, 57, 57)
92: (41, 41, 49)
93: (33, 33, 33)
94: (0, 0, 181)
95: (0, 57, 222)
96: (0, 0, 0)
97: (132, 140, 148)
98: (115, 123, 132)
99: (107, 115, 123)
100: (90, 99, 107)
101: (82, 90, 99)
102: (74, 82, 90)
103: (57, 74, 82)
104: (41, 66, 74)
105: (24, 57, 66)
106: (8, 49, 66)
107: (115, 107, 82)
108: (90, 82, 66)
109: (66, 66, 49)
110: (49, 49, 33)
111: (0, 189, 33)
112: (0, 0, 0)
113: (132, 140, 148)
114: (115, 123, 132)
115: (107, 115, 123)
116: (90, 99, 107)
117: (82, 90, 99)
118: (74, 82, 90)
119: (57, 74, 82)
120: (41, 66, 74)
121: (24, 57, 66)
122: (8, 49, 66)
123: (115, 107, 82)
124: (90, 82, 66)
125: (66, 66, 49)
126: (49, 49, 33)
127: (0, 165, 33)
128: (0, 0, 0)
129: (132, 140, 148)
130: (115, 123, 132)
131: (107, 115, 123)
132: (90, 99, 107)
133: (82, 90, 99)
134: (74, 82, 90)
135: (57, 74, 82)
136: (41, 66, 74)
137: (24, 57, 66)
138: (8, 49, 66)
139: (115, 107, 82)
140: (90, 82, 66)
141: (66, 66, 49)
142: (49, 49, 33)
143: (0, 140, 33)
144: (0, 0, 0)
145: (132, 140, 148)
146: (115, 123, 132)
147: (107, 115, 123)
148: (90, 99, 107)
149: (82, 90, 99)
150: (74, 82, 90)
151: (57, 74, 82)
152: (41, 66, 74)
153: (24, 57, 66)
154: (8, 49, 66)
155: (115, 107, 82)
156: (90, 82, 66)
157: (66, 66, 49)
158: (49, 49, 33)
159: (0, 115, 33)
160: (0, 0, 0)
161: (132, 140, 148)
162: (115, 123, 132)
163: (107, 115, 123)
164: (90, 99, 107)
165: (82, 90, 99)
166: (74, 82, 90)
167: (57, 74, 82)
168: (41, 66, 74)
169: (24, 57, 66)
170: (8, 49, 66)
171: (115, 107, 82)
172: (90, 82, 66)
173: (66, 66, 49)
174: (49, 49, 33)
175: (0, 90, 33)
176: (0, 0, 0)
177: (132, 140, 148)
178: (115, 123, 132)
179: (107, 115, 123)
180: (90, 99, 107)
181: (82, 90, 99)
182: (74, 82, 90)
183: (57, 74, 82)
184: (41, 66, 74)
185: (24, 57, 66)
186: (8, 49, 66)
187: (115, 107, 82)
188: (90, 82, 66)
189: (66, 66, 49)
190: (49, 49, 33)
191: (0, 74, 33)
192: (0, 0, 0)
193: (198, 198, 239)
194: (173, 181, 214)
195: (148, 165, 189)
196: (132, 148, 173)
197: (107, 132, 148)
198: (90, 115, 132)
199: (66, 99, 115)
200: (49, 82, 99)
201: (24, 66, 82)
202: (8, 49, 66)
203: (165, 156, 132)
204: (140, 132, 115)
205: (115, 107, 99)
206: (99, 90, 82)
207: (0, 255, 57)
208: (0, 0, 0)
209: (198, 198, 239)
210: (173, 181, 214)
211: (148, 165, 189)
212: (132, 148, 173)
213: (107, 132, 148)
214: (90, 115, 132)
215: (66, 99, 115)
216: (49, 82, 99)
217: (24, 66, 82)
218: (8, 49, 66)
219: (165, 156, 132)
220: (140, 132, 115)
221: (115, 107, 99)
222: (99, 90, 82)
223: (0, 231, 57)
224: (0, 0, 0)
225: (198, 198, 239)
226: (173, 181, 214)
227: (148, 165, 189)
228: (132, 148, 173)
229: (107, 132, 148)
230: (90, 115, 132)
231: (66, 99, 115)
232: (49, 82, 99)
233: (24, 66, 82)
234: (8, 49, 66)
235: (165, 156, 132)
236: (140, 132, 115)
237: (115, 107, 99)
238: (99, 90, 82)
239: (0, 206, 57)
240: (0, 0, 0)
241: (198, 198, 239)
242: (173, 181, 214)
243: (148, 165, 189)
244: (132, 148, 173)
245: (107, 132, 148)
246: (90, 115, 132)
247: (66, 99, 115)
248: (49, 82, 99)
249: (24, 66, 82)
250: (8, 49, 66)
251: (165, 156, 132)
252: (140, 132, 115)
253: (115, 107, 99)
254: (99, 90, 82)
255: (0, 181, 57)
256: (0, 0, 0)
257: (198, 198, 239)
258: (173, 181, 214)
259: (148, 165, 189)
260: (132, 148, 173)
261: (107, 132, 148)
262: (90, 115, 132)
263: (66, 99, 115)
264: (49, 82, 99)
265: (24, 66, 82)
266: (8, 49, 66)
267: (165, 156, 132)
268: (140, 132, 115)
269: (115, 107, 99)
270: (99, 90, 82)
271: (0, 156, 57)
272: (0, 0, 0)
273: (198, 198, 239)
274: (173, 181, 214)
275: (148, 165, 189)
276: (132, 148, 173)
277: (107, 132, 148)
278: (90, 115, 132)
279: (66, 99, 115)
280: (49, 82, 99)
281: (24, 66, 82)
282: (8, 49, 66)
283: (165, 156, 132)
284: (140, 132, 115)
285: (115, 107, 99)
286: (99, 90, 82)
287: (0, 132, 57)
288: (0, 0, 0)
289: (255, 0, 0)
290: (255, 0, 0)
291: (57, 90, 181)
292: (74, 99, 181)
293: (90, 115, 189)
294: (107, 132, 198)
295: (123, 140, 206)
296: (140, 156, 206)
297: (156, 173, 214)
298: (173, 181, 222)
299: (189, 198, 231)
300: (206, 214, 231)
301: (222, 222, 239)
302: (239, 239, 247)
303: (255, 255, 255)
304: (0, 0, 0)
305: (0, 0, 0)
306: (0, 0, 0)
307: (49, 74, 156)
308: (66, 82, 165)
309: (82, 107, 173)
310: (99, 115, 181)
311: (115, 132, 189)
312: (132, 148, 198)
313: (148, 156, 198)
314: (165, 173, 206)
315: (173, 181, 214)
316: (189, 198, 222)
317: (206, 214, 222)
318: (222, 222, 231)
319: (239, 239, 239)
320: (0, 0, 0)
321: (0, 0, 0)
322: (0, 0, 0)
323: (49, 66, 140)
324: (66, 74, 148)
325: (82, 99, 156)
326: (99, 107, 173)
327: (107, 123, 173)
328: (123, 132, 181)
329: (140, 148, 189)
330: (156, 156, 198)
331: (165, 173, 198)
332: (181, 181, 206)
333: (198, 198, 214)
334: (214, 206, 222)
335: (222, 222, 222)
336: (0, 0, 0)
337: (0, 0, 0)
338: (0, 0, 0)
339: (41, 57, 115)
340: (57, 66, 132)
341: (74, 82, 148)
342: (90, 99, 156)
343: (107, 115, 165)
344: (115, 123, 173)
345: (132, 132, 173)
346: (148, 148, 181)
347: (156, 156, 189)
348: (173, 173, 198)
349: (181, 181, 198)
350: (198, 198, 206)
351: (214, 206, 214)
352: (0, 0, 0)
353: (0, 0, 0)
354: (0, 0, 0)
355: (41, 49, 99)
356: (57, 57, 115)
357: (74, 74, 132)
358: (90, 90, 148)
359: (99, 99, 148)
360: (115, 115, 156)
361: (123, 123, 165)
362: (140, 132, 165)
363: (148, 148, 173)
364: (165, 156, 181)
365: (173, 165, 181)
366: (189, 181, 189)
367: (198, 189, 198)
368: (0, 0, 0)
369: (0, 0, 0)
370: (0, 0, 0)
371: (33, 33, 82)
372: (49, 49, 99)
373: (66, 66, 115)
374: (82, 82, 132)
375: (90, 90, 132)
376: (107, 99, 140)
377: (115, 115, 148)
378: (132, 123, 156)
379: (140, 132, 156)
380: (148, 140, 165)
381: (165, 156, 173)
382: (173, 165, 181)
383: (181, 173, 181)
384: (0, 0, 0)
385: (0, 0, 0)
386: (0, 0, 0)
387: (33, 24, 57)
388: (49, 41, 82)
389: (66, 57, 99)
390: (82, 74, 123)
391: (90, 82, 123)
392: (99, 90, 132)
393: (107, 99, 140)
394: (123, 115, 140)
395: (132, 123, 148)
396: (140, 132, 156)
397: (148, 140, 156)
398: (165, 148, 165)
399: (173, 156, 173)
400: (0, 0, 0)
401: (0, 0, 0)
402: (0, 0, 0)
403: (24, 16, 41)
404: (41, 33, 66)
405: (57, 49, 82)
406: (74, 66, 107)
407: (82, 74, 107)
408: (90, 82, 115)
409: (99, 90, 123)
410: (115, 99, 123)
411: (123, 107, 132)
412: (132, 115, 140)
413: (140, 123, 140)
414: (148, 132, 148)
415: (156, 140, 156)
416: (0, 0, 0)
417: (255, 0, 0)
418: (255, 0, 0)
419: (24, 8, 33)
420: (33, 24, 41)
421: (49, 41, 57)
422: (74, 57, 99)
423: (82, 66, 99)
424: (90, 74, 107)
425: (99, 82, 115)
426: (107, 90, 115)
427: (115, 99, 123)
428: (123, 107, 132)
429: (132, 115, 132)
430: (140, 123, 140)
431: (148, 132, 148)
432: (0, 0, 0)
433: (0, 0, 0)
434: (0, 0, 0)
435: (24, 8, 33)
436: (41, 33, 49)
437: (66, 57, 74)
438: (90, 82, 107)
439: (107, 99, 123)
440: (132, 115, 140)
441: (148, 140, 156)
442: (156, 140, 156)
443: (156, 148, 165)
444: (165, 156, 173)
445: (173, 156, 173)
446: (173, 165, 173)
447: (181, 173, 181)
448: (0, 0, 0)
449: (0, 0, 0)
450: (0, 0, 0)
451: (24, 16, 41)
452: (41, 41, 49)
453: (74, 74, 82)
454: (107, 107, 115)
455: (140, 132, 148)
456: (173, 165, 173)
457: (198, 198, 206)
458: (206, 198, 206)
459: (206, 198, 206)
460: (206, 206, 214)
461: (214, 206, 214)
462: (214, 206, 214)
463: (214, 214, 214)
464: (0, 0, 0)
465: (0, 0, 0)
466: (0, 0, 0)
467: (24, 16, 41)
468: (49, 49, 49)
469: (90, 90, 90)
470: (132, 132, 132)
471: (173, 173, 173)
472: (214, 214, 214)
473: (255, 255, 255)
474: (255, 255, 255)
475: (255, 255, 255)
476: (255, 255, 255)
477: (255, 255, 255)
478: (255, 255, 255)
479: (255, 255, 255)
