0: (0, 0, 0)
1: (72, 80, 88)
2: (96, 104, 112)
3: (120, 128, 128)
4: (136, 144, 144)
5: (168, 168, 168)
6: (56, 48, 32)
7: (112, 88, 64)
8: (96, 80, 64)
9: (80, 64, 56)
10: (56, 72, 72)
11: (40, 56, 56)
12: (40, 40, 48)
13: (32, 32, 32)
14: (168, 200, 248)
15: (168, 200, 248)
16: (0, 0, 0)
17: (72, 80, 88)
18: (96, 104, 112)
19: (120, 128, 128)
20: (136, 144, 144)
21: (168, 168, 168)
22: (56, 48, 32)
23: (112, 88, 64)
24: (96, 80, 64)
25: (80, 64, 56)
26: (56, 72, 72)
27: (40, 56, 56)
28: (40, 40, 48)
29: (32, 32, 32)
30: (128, 160, 232)
31: (128, 168, 240)
32: (0, 0, 0)
33: (72, 80, 88)
34: (96, 104, 112)
35: (120, 128, 128)
36: (136, 144, 144)
37: (168, 168, 168)
38: (56, 48, 32)
39: (112, 88, 64)
40: (96, 80, 64)
41: (80, 64, 56)
42: (56, 72, 72)
43: (40, 56, 56)
44: (40, 40, 48)
45: (32, 32, 32)
46: (96, 120, 216)
47: (96, 136, 232)
48: (0, 0, 0)
49: (72, 80, 88)
50: (96, 104, 112)
51: (120, 128, 128)
52: (136, 144, 144)
53: (168, 168, 168)
54: (56, 48, 32)
55: (112, 88, 64)
56: (96, 80, 64)
57: (80, 64, 56)
58: (56, 72, 72)
59: (40, 56, 56)
60: (40, 40, 48)
61: (32, 32, 32)
62: (64, 80, 200)
63: (64, 112, 224)
64: (0, 0, 0)
65: (72, 80, 88)
66: (96, 104, 112)
67: (120, 128, 128)
68: (136, 144, 144)
69: (168, 168, 168)
70: (56, 48, 32)
71: (112, 88, 64)
72: (96, 80, 64)
73: (80, 64, 56)
74: (56, 72, 72)
75: (40, 56, 56)
76: (40, 40, 48)
77: (32, 32, 32)
78: (32, 40, 184)
79: (32, 80, 216)
80: (0, 0, 0)
81: (72, 80, 88)
82: (96, 104, 112)
83: (120, 128, 128)
84: (136, 144, 144)
85: (168, 168, 168)
86: (56, 48, 32)
87: (112, 88, 64)
88: (96, 80, 64)
89: (80, 64, 56)
90: (56, 72, 72)
91: (40, 56, 56)
92: (40, 40, 48)
93: (32, 32, 32)
94: (0, 0, 176)
95: (0, 56, 216)
96: (0, 0, 0)
97: (128, 136, 144)
98: (112, 120, 128)
99: (104, 112, 120)
100: (88, 96, 104)
101: (80, 88, 96)
102: (72, 80, 88)
103: (56, 72, 80)
104: (40, 64, 72)
105: (24, 56, 64)
106: (8, 48, 64)
107: (112, 104, 80)
108: (88, 80, 64)
109: (64, 64, 48)
110: (48, 48, 32)
111: (0, 184, 32)
112: (0, 0, 0)
113: (128, 136, 144)
114: (112, 120, 128)
115: (104, 112, 120)
116: (88, 96, 104)
117: (80, 88, 96)
118: (72, 80, 88)
119: (56, 72, 80)
120: (40, 64, 72)
121: (24, 56, 64)
122: (8, 48, 64)
123: (112, 104, 80)
124: (88, 80, 64)
125: (64, 64, 48)
126: (48, 48, 32)
127: (0, 160, 32)
128: (0, 0, 0)
129: (128, 136, 144)
130: (112, 120, 128)
131: (104, 112, 120)
132: (88, 96, 104)
133: (80, 88, 96)
134: (72, 80, 88)
135: (56, 72, 80)
136: (40, 64, 72)
137: (24, 56, 64)
138: (8, 48, 64)
139: (112, 104, 80)
140: (88, 80, 64)
141: (64, 64, 48)
142: (48, 48, 32)
143: (0, 136, 32)
144: (0, 0, 0)
145: (128, 136, 144)
146: (112, 120, 128)
147: (104, 112, 120)
148: (88, 96, 104)
149: (80, 88, 96)
150: (72, 80, 88)
151: (56, 72, 80)
152: (40, 64, 72)
153: (24, 56, 64)
154: (8, 48, 64)
155: (112, 104, 80)
156: (88, 80, 64)
157: (64, 64, 48)
158: (48, 48, 32)
159: (0, 112, 32)
160: (0, 0, 0)
161: (128, 136, 144)
162: (112, 120, 128)
163: (104, 112, 120)
164: (88, 96, 104)
165: (80, 88, 96)
166: (72, 80, 88)
167: (56, 72, 80)
168: (40, 64, 72)
169: (24, 56, 64)
170: (8, 48, 64)
171: (112, 104, 80)
172: (88, 80, 64)
173: (64, 64, 48)
174: (48, 48, 32)
175: (0, 88, 32)
176: (0, 0, 0)
177: (128, 136, 144)
178: (112, 120, 128)
179: (104, 112, 120)
180: (88, 96, 104)
181: (80, 88, 96)
182: (72, 80, 88)
183: (56, 72, 80)
184: (40, 64, 72)
185: (24, 56, 64)
186: (8, 48, 64)
187: (112, 104, 80)
188: (88, 80, 64)
189: (64, 64, 48)
190: (48, 48, 32)
191: (0, 72, 32)
192: (0, 0, 0)
193: (192, 192, 232)
194: (168, 176, 208)
195: (144, 160, 184)
196: (128, 144, 168)
197: (104, 128, 144)
198: (88, 112, 128)
199: (64, 96, 112)
200: (48, 80, 96)
201: (24, 64, 80)
202: (8, 48, 64)
203: (160, 152, 128)
204: (136, 128, 112)
205: (112, 104, 96)
206: (96, 88, 80)
207: (0, 248, 56)
208: (0, 0, 0)
209: (192, 192, 232)
210: (168, 176, 208)
211: (144, 160, 184)
212: (128, 144, 168)
213: (104, 128, 144)
214: (88, 112, 128)
215: (64, 96, 112)
216: (48, 80, 96)
217: (24, 64, 80)
218: (8, 48, 64)
219: (160, 152, 128)
220: (136, 128, 112)
221: (112, 104, 96)
222: (96, 88, 80)
223: (0, 224, 56)
224: (0, 0, 0)
225: (192, 192, 232)
226: (168, 176, 208)
227: (144, 160, 184)
228: (128, 144, 168)
229: (104, 128, 144)
230: (88, 112, 128)
231: (64, 96, 112)
232: (48, 80, 96)
233: (24, 64, 80)
234: (8, 48, 64)
235: (160, 152, 128)
236: (136, 128, 112)
237: (112, 104, 96)
238: (96, 88, 80)
239: (0, 200, 56)
240: (0, 0, 0)
241: (192, 192, 232)
242: (168, 176, 208)
243: (144, 160, 184)
244: (128, 144, 168)
245: (104, 128, 144)
246: (88, 112, 128)
247: (64, 96, 112)
248: (48, 80, 96)
249: (24, 64, 80)
250: (8, 48, 64)
251: (160, 152, 128)
252: (136, 128, 112)
253: (112, 104, 96)
254: (96, 88, 80)
255: (0, 176, 56)
256: (0, 0, 0)
257: (192, 192, 232)
258: (168, 176, 208)
259: (144, 160, 184)
260: (128, 144, 168)
261: (104, 128, 144)
262: (88, 112, 128)
263: (64, 96, 112)
264: (48, 80, 96)
265: (24, 64, 80)
266: (8, 48, 64)
267: (160, 152, 128)
268: (136, 128, 112)
269: (112, 104, 96)
270: (96, 88, 80)
271: (0, 152, 56)
272: (0, 0, 0)
273: (192, 192, 232)
274: (168, 176, 208)
275: (144, 160, 184)
276: (128, 144, 168)
277: (104, 128, 144)
278: (88, 112, 128)
279: (64, 96, 112)
280: (48, 80, 96)
281: (24, 64, 80)
282: (8, 48, 64)
283: (160, 152, 128)
284: (136, 128, 112)
285: (112, 104, 96)
286: (96, 88, 80)
287: (0, 128, 56)
288: (0, 0, 0)
289: (248, 0, 0)
290: (248, 0, 0)
291: (56, 88, 176)
292: (72, 96, 176)
293: (88, 112, 184)
294: (104, 128, 192)
295: (120, 136, 200)
296: (136, 152, 200)
297: (152, 168, 208)
298: (168, 176, 216)
299: (184, 192, 224)
300: (200, 208, 224)
301: (216, 216, 232)
302: (232, 232, 240)
303: (248, 248, 248)
304: (0, 0, 0)
305: (0, 0, 0)
306: (0, 0, 0)
307: (48, 72, 152)
308: (64, 80, 160)
309: (80, 104, 168)
310: (96, 112, 176)
311: (112, 128, 184)
312: (128, 144, 192)
313: (144, 152, 192)
314: (160, 168, 200)
315: (168, 176, 208)
316: (184, 192, 216)
317: (200, 208, 216)
318: (216, 216, 224)
319: (232, 232, 232)
320: (0, 0, 0)
321: (0, 0, 0)
322: (0, 0, 0)
323: (48, 64, 136)
324: (64, 72, 144)
325: (80, 96, 152)
326: (96, 104, 168)
327: (104, 120, 168)
328: (120, 128, 176)
329: (136, 144, 184)
330: (152, 152, 192)
331: (160, 168, 192)
332: (176, 176, 200)
333: (192, 192, 208)
334: (208, 200, 216)
335: (216, 216, 216)
336: (0, 0, 0)
337: (0, 0, 0)
338: (0, 0, 0)
339: (40, 56, 112)
340: (56, 64, 128)
341: (72, 80, 144)
342: (88, 96, 152)
343: (104, 112, 160)
344: (112, 120, 168)
345: (128, 128, 168)
346: (144, 144, 176)
347: (152, 152, 184)
348: (168, 168, 192)
349: (176, 176, 192)
350: (192, 192, 200)
351: (208, 200, 208)
352: (0, 0, 0)
353: (0, 0, 0)
354: (0, 0, 0)
355: (40, 48, 96)
356: (56, 56, 112)
357: (72, 72, 128)
358: (88, 88, 144)
359: (96, 96, 144)
360: (112, 112, 152)
361: (120, 120, 160)
362: (136, 128, 160)
363: (144, 144, 168)
364: (160, 152, 176)
365: (168, 160, 176)
366: (184, 176, 184)
367: (192, 184, 192)
368: (0, 0, 0)
369: (0, 0, 0)
370: (0, 0, 0)
371: (32, 32, 80)
372: (48, 48, 96)
373: (64, 64, 112)
374: (80, 80, 128)
375: (88, 88, 128)
376: (104, 96, 136)
377: (112, 112, 144)
378: (128, 120, 152)
379: (136, 128, 152)
380: (144, 136, 160)
381: (160, 152, 168)
382: (168, 160, 176)
383: (176, 168, 176)
384: (0, 0, 0)
385: (0, 0, 0)
386: (0, 0, 0)
387: (32, 24, 56)
388: (48, 40, 80)
389: (64, 56, 96)
390: (80, 72, 120)
391: (88, 80, 120)
392: (96, 88, 128)
393: (104, 96, 136)
394: (120, 112, 136)
395: (128, 120, 144)
396: (136, 128, 152)
397: (144, 136, 152)
398: (160, 144, 160)
399: (168, 152, 168)
400: (0, 0, 0)
401: (0, 0, 0)
402: (0, 0, 0)
403: (24, 16, 40)
404: (40, 32, 64)
405: (56, 48, 80)
406: (72, 64, 104)
407: (80, 72, 104)
408: (88, 80, 112)
409: (96, 88, 120)
410: (112, 96, 120)
411: (120, 104, 128)
412: (128, 112, 136)
413: (136, 120, 136)
414: (144, 128, 144)
415: (152, 136, 152)
416: (0, 0, 0)
417: (248, 0, 0)
418: (248, 0, 0)
419: (24, 8, 32)
420: (32, 24, 40)
421: (48, 40, 56)
422: (72, 56, 96)
423: (80, 64, 96)
424: (88, 72, 104)
425: (96, 80, 112)
426: (104, 88, 112)
427: (112, 96, 120)
428: (120, 104, 128)
429: (128, 112, 128)
430: (136, 120, 136)
431: (144, 128, 144)
432: (0, 0, 0)
433: (0, 0, 0)
434: (0, 0, 0)
435: (24, 8, 32)
436: (40, 32, 48)
437: (64, 56, 72)
438: (88, 80, 104)
439: (104, 96, 120)
440: (128, 112, 136)
441: (144, 136, 152)
442: (152, 136, 152)
443: (152, 144, 160)
444: (160, 152, 168)
445: (168, 152, 168)
446: (168, 160, 168)
447: (176, 168, 176)
448: (0, 0, 0)
449: (0, 0, 0)
450: (0, 0, 0)
451: (24, 16, 40)
452: (40, 40, 48)
453: (72, 72, 80)
454: (104, 104, 112)
455: (136, 128, 144)
456: (168, 160, 168)
457: (192, 192, 200)
458: (200, 192, 200)
459: (200, 192, 200)
460: (200, 200, 208)
461: (208, 200, 208)
462: (208, 200, 208)
463: (208, 208, 208)
464: (0, 0, 0)
465: (0, 0, 0)
466: (0, 0, 0)
467: (24, 16, 40)
468: (48, 48, 48)
469: (88, 88, 88)
470: (128, 128, 128)
471: (168, 168, 168)
472: (208, 208, 208)
473: (248, 248, 248)
474: (248, 248, 248)
475: (248, 248, 248)
476: (248, 248, 248)
477: (248, 248, 248)
478: (248, 248, 248)
479: (248, 248, 248)
